$ANSIBLE_VAULT;1.1;AES256
38343939383164636163366263306563373534333833373232316630626133306130613663346265
3535623339313537316636383363396333313434303232330a316532343234353939303866643531
32366663623236626161313063633333633633613930663333343534343636633165646234373734
3733336463346464340a323933316564613263633161333432396262396532396361326330613535
31303437396464383036326361373531363636366462353034316565316361343563386261376432
31343964343032396265336561313534343363663338663535616162366562343236373935373638
36613961666135323931363036346335653734353335613962353864346665303339613735633138
36303466343863633633333832333332396432633565616362613032383332626232633831663931
64666533303232656365636630336465333961643163353539616162346564656636633532343730
33393666323465303039626365643964653437396466363137336631336130376336336264333432
34376535613232363036616661643834653333343232393265356466353236666636306566316364
63323135313539316534346331626639393233346639666238306161333831386233353963646331
31383236646536333733663531663933323664353032636532386633303863653932396464303132
33383430333433326262383830386662373633616166663038336239633738306366646437663466
32633735333333353630333239396666333933356363373438333061333030343864346331656135
36636165633231316638623738316630386361316233353335616533656164323163626266303133
32343763613430363234656237653739326538346632653561353733343661613463656563366338
31393336323233323032373162306330366539653339633136303364346335373637333031383735
38383437663162613262336330616662353832623964363830333736613564323062636238373462
30363631323638653335303035353639393465653563656630346133646264343336353436343330
34366332616138356634643934343932613765356662383031636632643735303537656564656233
31666336383732633265653333633665613034363335633135393639366339396564303537386263
32373138363862313661653565386539316638313531353934353936376561306663653432316134
35333561663432376263303834633730363634356639343665376634376533306531613065313339
37316265363465353465316531633236333038653234323366316531306662386435316162343366
62363136613631393139643931636361376438636239346161346136323464376662373164393862
64613130366430653137323435343332383064396436336434393630306430636137656562383866
66346564376461636161316262373361653263643732326137373438313330643433303164666566
61626238636631316366323938663066626635363034363432353363323635363935313531653633
38626436646165303931346436653439663935363439623764613333333065616466323438343265
37666161666536646161666332396164346631343966663064386134613964336465343232626131
39363237626638626635353437393639323935666635653934343863346332323030336330326534
66323030333435613763356138663061346432313837333233366164376166366163313730383364
63396139353964656439373562386334313032623763333832303966353266343239653838396430
61646139643461366366323435643238383566396265623561383230373231356664316163666432
32366335663832656334366432306433646533343765663133666330373436306539386336373432
32393136636233373733306161353766373166343339623433396464666663623331303132396130
61366363336162666336373838623361613235373263666461636533383362363938633361366433
37366233333737326630643062363664656563323262643563383638666433633465346432343163
31383335623937303165623435326631376165623535663164663334626566366564653762373231
62663237363864363362663735346138306230363130636262386665356464656237303333306136
33633566623533363939613231386635343236383462663666306564393066316535363034636430
31393262313164633932373765633665326535663935646432353062633963343033363732633761
36613030623666323362663464303938383637393432323563613030393163336235323332313337
34653936323966656435363739333237313736653032393266656433363030343835633336643837
39626536666363633836383736326563613161356634363932383764346437616233613334353065
66326666336662623532303162336237363835643564656664343765363231343966393565656262
61623331643934313638303764646130343431313837623435666631333962613464366338383965
63373438336133376435303236356139653730343463643261373039346531383862666461386262
61643962626463663061336533663834353061633161613535363135323331633864633432356530
30366661613036393733663866666637336537333333663962393132386161383765653663653566
30396638336535313931336630393033353133633734373362386435393262336633643836343931
65653564373066346234323363366235636363393631616337656461636539306537653862333463
33646334356437613263666638633731643437613065626265353363306638326136383263616131
39316238613131643838326164303766326130376334323632626264646437363763646331613966
63393762333637363032666239316639363738623361643665663962313065646564353735633262
66646565316564373039343265303431623136303864343362356331643631393664383331613366
36316632646239626263663738393662323563613732366162646239353766326530303934316462
64326263656336653437666135613931326464383630343365306233383332363233353332636436
31663338323232343530333930383333663034366230373930653739366336353333623330663832
64626437623836616266313363366631376231373462313065373030373834393834393765616634
34373037393133626239653664393061346237366133643766353735383464643666353137383733
34356633323030646537343039313662393562386662653963666136396534333830613365313632
63646232626262616461383135363937356635306564336437366162363430646433343631393734
38656334346135366138366661353264373530366235646536316163396461373361393739333533
37386664353538653931343439666636613337303131303561333261636339323530653233393662
39313938613263616233393562633432396135633437353934643761366236343963363739323664
35366434396465323063396238333263623432333231613139333433306463353863333938613966
61356464666661643762333064383032636239373966333731363834383133663538363263326430
65396161633432306564303261313436313563666464346331616237333833633961643765376464
39383663666434643366316237333734326237613932643532623639626231336433333734366630
35656466376439356462303030613133663636663231306265393633623736303333353438363164
64386238613731316666643334353934353361383764373865326538303933333332623038646439
37653962306434306335303366373039346663666563396139313939633763653063366439306635
36633834653837306666313438666566613739326330373137363932313361306265383965353234
38393035333038386163366635393631646138396462616337343434663461366532613566396632
66353230653235333037373237396230613964376462663831653337663865306231663437646530
30653961616631373761383039343462373761616163653331303561653965343933623732323461
38343438376435386361613633376438663634613137336639656461373862313763393065613166
37313761376130326138323032393932356231653837333330323662376439656165623866376536
64633564643964323938396232636332666130323833376339663234383163306338626266616466
39366537633065633238636430613961383862346234323962303036393134363964646438373539
39313235376237353936663966663237643433613734366139653364623762306161636633363965
30383730326334373337376362646264323737386663666162663733396137353931356433643734
65393666323637653566646133336663353336343031643230613238646432323737333166346335
36393931353636646333346662353536623036663038666166626334616238383730666466313136
33316161643062393131653566393561646361383239363335623865386534393964326339353630
64313839633834643537613233313865313834633935343165666538356239656362373062643662
62303138333434353163366366623566386337366264616462376434626335623637376161636335
33306231373931373163303235336137633861333965363865623166393630393834366561626139
32336132333435396432653961353834653938366462346366396636316665623434336164616136
62613037396565633630633536373534646562383635373635326634366435666636653264353834
33616365326437383039393033633634303765663865346334386633373862366164306134643565
34666263623637623438306330643136366264643533633665306137353330303738316563303737
63656131633061323065633236643135316631663666613537613134623336363266383465643130
37343462643337636631363665346361303434633632346536303534343038323936353139646438
64313335656134643232653032343037643035616331303963326362643437373232306438616435
31663562353636333538323364363162626231316237393835343162376434373666366638323962
62616533396164363362343163646230353036373032333638336362373831613664616134333564
61666434633063373834353364323634303032363739383235323161303236326665636338303934
30636537393535656639356432343661323436336436396466383630343866353762323365316235
65303865643964376561363864363964663137343064363034653565323630346132353433333233
33613561323637326336643630336137373335343737336331376635636339336232626635376137
63633161653261323762616136376238643737316561366137393630306135653039616462343465
6538
